1.000000e+00 -1.000000e+00 
1.100000e+00 2.275275e+00 
1.200000e+00 2.340153e+00 
1.300000e+00 2.361309e+00 
1.400000e+00 2.362952e+00 
1.500000e+00 2.354354e+00 
1.600000e+00 2.340034e+00 
1.700000e+00 2.322471e+00 
1.800000e+00 2.303118e+00 
1.900000e+00 2.282866e+00 
2.000000e+00 2.262276e+00 
2.000000e+00 2.262276e+00 
3.000000e+00 2.077173e+00 
4.000000e+00 1.943201e+00 
5.000000e+00 1.845085e+00 
6.000000e+00 1.770072e+00 
7.000000e+00 1.710582e+00 
8.000000e+00 1.662013e+00 
9.000000e+00 1.621436e+00 
1.000000e+01 1.586900e+00 
1.000000e+01 1.586900e+00 
2.000000e+01 1.397336e+00 
3.000000e+01 1.311747e+00 
4.000000e+01 1.259644e+00 
5.000000e+01 1.223197e+00 
6.000000e+01 1.195569e+00 
7.000000e+01 -1.000000e+00 
8.000000e+01 -1.000000e+00 
9.000000e+01 -1.000000e+00 
1.000000e+02 -1.000000e+00 
1.000000e+02 -1.000000e+00 
2.000000e+02 -1.000000e+00 
3.000000e+02 -1.000000e+00 
4.000000e+02 -1.000000e+00 
5.000000e+02 -1.000000e+00 
6.000000e+02 -1.000000e+00 
7.000000e+02 -1.000000e+00 
8.000000e+02 -1.000000e+00 
9.000000e+02 -1.000000e+00 
1.000000e+03 -1.000000e+00 
1.100000e+03 -1.000000e+00 
1.200000e+03 -1.000000e+00 
1.300000e+03 -1.000000e+00 
1.400000e+03 -1.000000e+00 
1.500000e+03 -1.000000e+00 
