1.000000e+00 -1.000000e+00 
1.100000e+00 2.991050e+01 
1.200000e+00 9.684935e+01 
1.300000e+00 1.832033e+02 
1.400000e+00 2.774243e+02 
1.500000e+00 3.727117e+02 
1.600000e+00 4.651303e+02 
1.700000e+00 5.524949e+02 
1.800000e+00 6.336964e+02 
1.900000e+00 7.082861e+02 
2.000000e+00 7.762166e+02 
2.000000e+00 7.762166e+02 
3.000000e+00 1.163471e+03 
4.000000e+00 1.255223e+03 
5.000000e+00 1.238275e+03 
6.000000e+00 1.183125e+03 
7.000000e+00 1.116653e+03 
8.000000e+00 1.049452e+03 
9.000000e+00 9.856478e+02 
1.000000e+01 9.266651e+02 
1.000000e+01 9.266651e+02 
2.000000e+01 5.591702e+02 
3.000000e+01 3.932122e+02 
4.000000e+01 3.007863e+02 
5.000000e+01 2.421209e+02 
6.000000e+01 2.016274e+02 
7.000000e+01 1.720110e+02 
8.000000e+01 1.494140e+02 
9.000000e+01 1.316078e+02 
1.000000e+02 1.172160e+02 
1.000000e+02 1.172160e+02 
2.000000e+02 5.080235e+01 
3.000000e+02 2.803760e+01 
4.000000e+02 1.652041e+01 
5.000000e+02 9.555413e+00 
6.000000e+02 4.880446e+00 
7.000000e+02 1.518508e+00 
8.000000e+02 -1.021372e+00 
9.000000e+02 -3.012932e+00 
1.000000e+03 -4.620854e+00 
1.100000e+03 -5.950154e+00 
1.200000e+03 -7.070956e+00 
1.300000e+03 -8.031870e+00 
1.400000e+03 -8.867653e+00 
1.500000e+03 -9.603813e+00 
